# tr|D3WAF6|D3WAF6_9CAUD
# AA	inside	membr	outside
1 M	0.96732	0.00000	0.03268
2 I	0.17692	0.79040	0.03268
3 V	0.08762	0.87970	0.03268
4 I	0.08762	0.90669	0.00569
5 N	0.01366	0.98347	0.00287
6 I	0.01365	0.98550	0.00085
7 A	0.00074	0.99843	0.00083
8 L	0.00074	0.99844	0.00083
9 I	0.00047	0.99871	0.00083
10 I	0.00047	0.99872	0.00082
11 L	0.00046	0.99873	0.00082
12 G	0.00046	0.99873	0.00082
13 I	0.00046	0.99873	0.00082
14 L	0.00046	0.99873	0.00082
15 Y	0.00046	0.99873	0.00082
16 G	0.00046	0.99873	0.00082
17 V	0.00046	0.99845	0.00109
18 G	0.00046	0.94442	0.05513
19 S	0.00049	0.93871	0.0608
20 V	0.00148	0.75637	0.24216
21 T	0.00358	0.68120	0.31522
22 N	0.00680	0.42218	0.57103
23 F	0.00734	0.11229	0.88037
24 K	0.02945	0.03637	0.93418
25 E	0.02959	0.02463	0.94578
26 W	0.02990	0.02410	0.94601
27 Y	0.03124	0.02164	0.94712
28 Y	0.03200	0.00567	0.96233
29 R	0.03215	0.00280	0.96505
30 H	0.03125	0.00567	0.96308
31 D	0.03095	0.05116	0.91788
32 Y	0.00693	0.83733	0.15575
33 L	0.00397	0.89942	0.09661
34 A	0.00286	0.95488	0.04227
35 I	0.00052	0.99013	0.00935
36 M	0.00003	0.99880	0.00116
37 L	0.00001	0.99986	0.00013
38 S	0.00001	0.99992	7e-05
39 V	0.00001	0.99997	2e-05
40 F	0.00001	0.99998	1e-05
41 T	0.00001	0.99998	1e-05
42 S	0.00001	0.99998	1e-05
43 I	0.00001	0.99998	1e-05
44 L	0.00001	0.99998	1e-05
45 L	0.00001	0.99998	1e-05
46 V	0.00001	0.99998	1e-05
47 V	0.00002	0.99997	1e-05
48 A	0.00006	0.99990	3e-05
49 G	0.00038	0.99953	9e-05
50 V	0.00129	0.99840	0.00031
51 L	0.00552	0.99336	0.00112
52 N	0.03363	0.96164	0.00473
53 V	0.04717	0.94650	0.00633
54 L	0.13072	0.86079	0.00849
55 N	0.96768	0.00000	0.03232
