# tr|D3WAD6|D3WAD6_9CAUD
# AA	inside	membr	outside
1 M	0.20731	0.00000	0.79269
2 V	0.10881	0.09850	0.79269
3 T	0.10172	0.10559	0.79269
4 R	0.10172	0.30542	0.59286
5 M	0.02932	0.96214	0.00854
6 I	0.02932	0.97033	0.00035
7 L	0.00182	0.99811	8e-05
8 I	0.00182	0.99811	7e-05
9 T	0.00181	0.99811	7e-05
10 I	0.00181	0.99812	7e-05
11 L	0.00181	0.99812	7e-05
12 I	0.00181	0.99812	7e-05
13 L	0.00181	0.99812	7e-05
14 A	0.00181	0.99812	7e-05
15 I	0.00181	0.99812	7e-05
16 L	0.00181	0.99812	7e-05
17 F	0.00181	0.99811	8e-05
18 A	0.00181	0.99809	9e-05
19 T	0.00247	0.99736	0.00017
20 W	0.00425	0.99297	0.00279
21 V	0.01136	0.93652	0.05211
22 K	0.17779	0.63489	0.18731
23 D	0.77289	0.02367	0.20344
24 R	0.79308	0.00284	0.20408
25 E	0.79409	0.00069	0.20522
26 A	0.79409	0.00062	0.20529
27 M	0.79427	0.00031	0.20541
28 N	0.79435	0.00009	0.20556
29 P	0.79442	0.00002	0.20556
30 P	0.79368	0.00087	0.20546
31 F	0.79328	0.00430	0.20242
32 K	0.79300	0.00509	0.20191
33 H	0.72894	0.07123	0.19983
34 R	0.62378	0.18690	0.18933
35 L	0.02340	0.84605	0.13056
36 V	0.02175	0.97037	0.00788
37 I	0.02058	0.97684	0.00258
38 D	0.01969	0.97781	0.00249
39 L	0.01644	0.98191	0.00165
40 T	0.01283	0.98587	0.0013
41 V	0.00539	0.99433	0.00027
42 V	0.00026	0.99961	0.00012
43 F	0.00005	0.99984	0.00011
44 S	0.00004	0.99984	0.00011
45 L	0.00004	0.99985	0.00011
46 W	0.00004	0.99985	0.0001
47 V	0.00004	0.99985	0.0001
48 L	0.00004	0.99985	0.00011
49 Y	0.00005	0.99984	0.00011
50 A	0.00013	0.99972	0.00015
51 V	0.00049	0.99890	0.00061
52 F	0.00140	0.99703	0.00156
53 F	0.00621	0.96663	0.02715
54 F	0.04041	0.91759	0.04201
55 T	0.10199	0.82506	0.07294
56 Q	0.15019	0.69795	0.15186
57 T	0.15239	0.61073	0.23687
58 P	0.17704	0.04131	0.78165
59 S	0.20336	0.01279	0.78385
60 T	0.20473	0.00774	0.78752
61 S	0.20493	0.00221	0.79286
62 D	0.20497	0.00142	0.79361
63 I	0.20443	0.00222	0.79335
64 A	0.20439	0.00223	0.79338
65 K	0.20416	0.00209	0.79374
66 T	0.19454	0.01584	0.78961
67 V	0.15964	0.05924	0.78112
68 I	0.14767	0.07610	0.77623
69 D	0.14654	0.07916	0.77431
70 V	0.07398	0.20375	0.72227
71 G	0.04036	0.31686	0.64278
72 L	0.01048	0.91354	0.07598
73 L	0.00652	0.92356	0.06992
74 Y	0.00348	0.94859	0.04793
75 F	0.00033	0.99150	0.00817
76 V	0.00020	0.99474	0.00506
77 G	0.00019	0.99823	0.00159
78 Q	0.00018	0.99873	0.00108
79 F	0.00017	0.99952	0.00031
80 I	0.00017	0.99978	5e-05
81 Y	0.00017	0.99978	5e-05
82 L	0.00017	0.99975	8e-05
83 I	0.00020	0.99964	0.00016
84 A	0.00039	0.99904	0.00058
85 S	0.00072	0.99656	0.00272
86 I	0.00184	0.99290	0.00525
87 S	0.00317	0.98288	0.01395
88 P	0.00415	0.97773	0.01812
89 M	0.00710	0.96689	0.02602
90 F	0.01405	0.93495	0.051
91 A	0.02304	0.91113	0.06584
92 G	0.03129	0.89115	0.07756
93 L	0.06581	0.79269	0.1415
94 L	0.15027	0.67606	0.17367
95 K	0.75494	0.04222	0.20284
96 L	0.75749	0.03911	0.2034
97 I	0.76942	0.02665	0.20393
98 K	0.79423	0.00039	0.20538
99 K	0.79459	0.00002	0.20539
100 N	0.79460	0.00001	0.20539
101 G	0.79460	0.00001	0.20539
102 V	0.79461	0.00000	0.20539
103 N	0.79461	0.00000	0.20539
104 I	0.79461	0.00000	0.20539
105 P	0.79461	0.00000	0.20539
106 E	0.79461	0.00000	0.20539
107 V	0.79461	0.00000	0.20539
108 E	0.79461	0.00000	0.20539
109 E	0.79461	0.00000	0.20539
110 E	0.79461	0.00000	0.20539
111 Q	0.79461	0.00000	0.20539
112 T	0.79461	0.00000	0.20539
113 E	0.79461	0.00000	0.20539
114 D	0.79461	0.00000	0.20539
115 K	0.79461	0.00000	0.20539
116 K	0.79461	0.00000	0.20539
117 E	0.79461	0.00000	0.20539
