# tr|D3WAF4|D3WAF4_9CAUD
# AA	inside	membr	outside
1 M	0.86459	0.00000	0.13541
2 K	0.86459	0.00000	0.13541
3 D	0.86458	0.00000	0.13541
4 T	0.86458	0.00032	0.13509
5 V	0.85870	0.00711	0.13419
6 K	0.85870	0.00718	0.13412
7 T	0.77562	0.09105	0.13333
8 L	0.77560	0.09109	0.1333
9 M	0.75505	0.11240	0.13255
10 I	0.75479	0.20959	0.03562
11 A	0.74469	0.22092	0.03439
12 V	0.41005	0.55700	0.03296
13 G	0.00228	0.97308	0.02464
14 I	0.00217	0.97319	0.02463
15 G	0.00217	0.99748	0.00035
16 F	0.00068	0.99896	0.00035
17 T	0.00038	0.99929	0.00032
18 L	0.00037	0.99940	0.00024
19 I	0.00017	0.99968	0.00015
20 A	0.00004	0.99996	0
21 I	0.00000	1.00000	0
22 T	0.00000	1.00000	0
23 W	0.00000	0.99999	0
24 I	0.00000	0.99999	0
25 G	0.00001	0.99976	0.00024
26 I	0.00001	0.99959	0.00039
27 I	0.00008	0.99718	0.00274
28 A	0.00073	0.99036	0.00891
29 T	0.00087	0.98795	0.01118
30 L	0.00117	0.96086	0.03796
31 L	0.00145	0.95834	0.04021
32 I	0.00349	0.93701	0.0595
33 T	0.08706	0.83601	0.07693
34 W	0.08874	0.81816	0.0931
35 I	0.09365	0.53416	0.3722
36 G	0.10720	0.10529	0.78752
37 G	0.10977	0.05854	0.8317
38 N	0.13359	0.00866	0.85775
39 I	0.13542	0.00000	0.86458
39 L	0.58815	0.00000	0.41185
40 S	0.58815	0.00000	0.41185
41 S	0.58815	0.00000	0.41185
42 D	0.58815	0.00000	0.41185
43 L	0.58815	0.00000	0.41185
